200 120 200 250 150 200 200 200 200 6 vert 
250 150 200 280 200 200 200 200 200 6 vert 
280 200 200 250 250 200 200 200 200 6 vert 
250 250 200 200 280 200 200 200 200 6 vert 
200 280 200 150 250 200 200 200 200 6 vert 
150 250 200 120 200 200 200 200 200 6 vert 
120 200 200 150 150 200 200 200 200 6 vert 
150 150 200 200 120 200 200 200 200 6 vert 
200 100 1 270 130 1 200 200 1 1 vert 
270 130 1 300 200 1 200 200 1 1 vert 
300 200 1 270 270 1 200 200 1 1 vert 
270 270 1 200 300 1 200 200 1 1 vert 
200 300 1 130 270 1 200 200 1 1 vert 
130 270 1 100 200 1 200 200 1 1 vert 
100 200 1 130 130 1 200 200 1 1 vert 
130 130 1 200 100 1 200 200 1 1 vert